Epoch | Train Loss | Val Loss | Train Acc(%) | Val Acc(%)
------------------------------------------------------------
    1 |     0.1866 |   0.0870 |       92.12 |     97.30
    2 |     0.0511 |   0.0538 |       98.36 |     98.20
    3 |     0.0273 |   0.0411 |       99.26 |     99.00
    4 |     0.0169 |   0.0386 |       99.46 |     98.80
    5 |     0.0252 |   0.0643 |       99.30 |     98.60
    6 |     0.0139 |   0.0372 |       99.50 |     99.00
    7 |     0.0056 |   0.0389 |       99.86 |     99.10
    8 |     0.0084 |   0.0355 |       99.76 |     98.80
    9 |     0.0078 |   0.0251 |       99.74 |     99.20
   10 |     0.0061 |   0.0255 |       99.84 |     99.40
   11 |     0.0037 |   0.0265 |       99.86 |     99.10
   12 |     0.0027 |   0.0331 |       99.92 |     99.30
   13 |     0.0018 |   0.0336 |       99.96 |     99.20
   14 |     0.0030 |   0.0355 |       99.88 |     99.00
   15 |     0.0034 |   0.0316 |       99.88 |     99.30
